[40, 92, 352, 724, 2680, 14200, 73712, 365596, 2279184, 14772512]
[40, 92, 352, 724, 2680, 14200, 73712, 365596, 2279184, 14772512]
[40, 92, 352, 724, 2680, 14200, 73712, 365596, 2279184, 14772512]

n:  7
all_solutions: 40
WallTime: 3 ms
n:  8
all_solutions: 92
WallTime: 10 ms
n:  9
all_solutions: 352
WallTime: 41 ms
n:  10
all_solutions: 724
WallTime: 162 ms
n:  11
all_solutions: 2680
WallTime: 673 ms
n:  12
all_solutions: 14200
WallTime: 3349 ms
n:  13
all_solutions: 73712
WallTime: 16785 ms
n:  14
all_solutions: 365596
WallTime: 92597 ms
n:  15
all_solutions: 2279184
WallTime: 564812 ms
n:  16
all_solutions: 14772512
WallTime: 3325396 ms
m = [
        [[4, 7, 6, 6, 6, 7, 4],
       [7, 4, 6, 6, 6, 4, 7],
       [6, 6, 6, 4, 6, 6, 6],
       [6, 6, 4, 8, 4, 6, 6],
       [6, 6, 6, 4, 6, 6, 6],
       [7, 4, 6, 6, 6, 4, 7],
       [4, 7, 6, 6, 6, 7, 4]],

       [[ 4,  8, 16, 18, 18, 16,  8,  4],
       [ 8, 16, 14,  8,  8, 14, 16,  8],
       [16, 14,  4, 12, 12,  4, 14, 16],
       [18,  8, 12,  8,  8, 12,  8, 18],
       [18,  8, 12,  8,  8, 12,  8, 18],
       [16, 14,  4, 12, 12,  4, 14, 16],
       [ 8, 16, 14,  8,  8, 14, 16,  8],
       [ 4,  8, 16, 18, 18, 16,  8,  4]],

       [[28, 30, 47, 44, 54, 44, 47, 30, 28],
       [30, 32, 44, 48, 44, 48, 44, 32, 30],
       [47, 44, 28, 38, 38, 38, 28, 44, 47],
       [44, 48, 38, 36, 20, 36, 38, 48, 44],
       [54, 44, 38, 20, 40, 20, 38, 44, 54],
       [44, 48, 38, 36, 20, 36, 38, 48, 44],
       [47, 44, 28, 38, 38, 38, 28, 44, 47],
       [30, 32, 44, 48, 44, 48, 44, 32, 30],
       [28, 30, 47, 44, 54, 44, 47, 30, 28]],

       [[64, 48, 65, 93, 92, 92, 93, 65, 48, 64],
       [48, 62, 91, 72, 89, 89, 72, 91, 62, 48],
       [65, 91, 76, 61, 69, 69, 61, 76, 91, 65],
       [93, 72, 61, 68, 68, 68, 68, 61, 72, 93],
       [92, 89, 69, 68, 44, 44, 68, 69, 89, 92],
       [92, 89, 69, 68, 44, 44, 68, 69, 89, 92],
       [93, 72, 61, 68, 68, 68, 68, 61, 72, 93],
       [65, 91, 76, 61, 69, 69, 61, 76, 91, 65],
       [48, 62, 91, 72, 89, 89, 72, 91, 62, 48],
       [64, 48, 65, 93, 92, 92, 93, 65, 48, 64]],

       [[ 96, 219, 209, 295, 346, 350, 346, 295, 209, 219,  96],
       [219, 220, 260, 251, 277, 226, 277, 251, 260, 220, 219],
       [209, 260, 250, 247, 239, 270, 239, 247, 250, 260, 209],
       [295, 251, 247, 238, 208, 202, 208, 238, 247, 251, 295],
       [346, 277, 239, 208, 178, 184, 178, 208, 239, 277, 346],
       [350, 226, 270, 202, 184, 216, 184, 202, 270, 226, 350],
       [346, 277, 239, 208, 178, 184, 178, 208, 239, 277, 346],
       [295, 251, 247, 238, 208, 202, 208, 238, 247, 251, 295],
       [209, 260, 250, 247, 239, 270, 239, 247, 250, 260, 209],
       [219, 220, 260, 251, 277, 226, 277, 251, 260, 220, 219],
       [ 96, 219, 209, 295, 346, 350, 346, 295, 209, 219,  96]],

       [[ 500,  806, 1165, 1359, 1631, 1639, 1639, 1631, 1359, 1165,  806,
         500],
       [ 806, 1072, 1273, 1275, 1354, 1320, 1320, 1354, 1275, 1273, 1072,
         806],
       [1165, 1273, 1228, 1120, 1148, 1166, 1166, 1148, 1120, 1228, 1273,
        1165],
       [1359, 1275, 1120, 1102, 1117, 1127, 1127, 1117, 1102, 1120, 1275,
        1359],
       [1631, 1354, 1148, 1117,  910,  940,  940,  910, 1117, 1148, 1354,
        1631],
       [1639, 1320, 1166, 1127,  940,  908,  908,  940, 1127, 1166, 1320,
        1639],
       [1639, 1320, 1166, 1127,  940,  908,  908,  940, 1127, 1166, 1320,
        1639],
       [1631, 1354, 1148, 1117,  910,  940,  940,  910, 1117, 1148, 1354,
        1631],
       [1359, 1275, 1120, 1102, 1117, 1127, 1127, 1117, 1102, 1120, 1275,
        1359],
       [1165, 1273, 1228, 1120, 1148, 1166, 1166, 1148, 1120, 1228, 1273,
        1165],
       [ 806, 1072, 1273, 1275, 1354, 1320, 1320, 1354, 1275, 1273, 1072,
         806],
       [ 500,  806, 1165, 1359, 1631, 1639, 1639, 1631, 1359, 1165,  806,
         500]],
       [[2760, 3799, 5508, 6023, 7346, 7385, 8070, 7385, 7346, 6023, 5508,
        3799, 2760],
       [3799, 4994, 5440, 6448, 6193, 6727, 6510, 6727, 6193, 6448, 5440,
        4994, 3799],
       [5508, 5440, 5984, 5657, 5711, 5706, 5700, 5706, 5711, 5657, 5984,
        5440, 5508],
       [6023, 6448, 5657, 5386, 5400, 5356, 5172, 5356, 5400, 5386, 5657,
        6448, 6023],
       [7346, 6193, 5711, 5400, 5026, 4871, 4618, 4871, 5026, 5400, 5711,
        6193, 7346],
       [7385, 6727, 5706, 5356, 4871, 4532, 4558, 4532, 4871, 5356, 5706,
        6727, 7385],
       [8070, 6510, 5700, 5172, 4618, 4558, 4456, 4558, 4618, 5172, 5700,
        6510, 8070],
       [7385, 6727, 5706, 5356, 4871, 4532, 4558, 4532, 4871, 5356, 5706,
        6727, 7385],
       [7346, 6193, 5711, 5400, 5026, 4871, 4618, 4871, 5026, 5400, 5711,
        6193, 7346],
       [6023, 6448, 5657, 5386, 5400, 5356, 5172, 5356, 5400, 5386, 5657,
        6448, 6023],
       [5508, 5440, 5984, 5657, 5711, 5706, 5700, 5706, 5711, 5657, 5984,
        5440, 5508],
       [3799, 4994, 5440, 6448, 6193, 6727, 6510, 6727, 6193, 6448, 5440,
        4994, 3799],
       [2760, 3799, 5508, 6023, 7346, 7385, 8070, 7385, 7346, 6023, 5508,
        3799, 2760]],

        [[11892, 16488, 23024, 27494, 32163, 34760, 36977, 36977, 34760,
        32163, 27494, 23024, 16488, 11892],
       [16488, 21100, 25812, 27610, 30144, 30457, 31187, 31187, 30457,
        30144, 27610, 25812, 21100, 16488],
       [23024, 25812, 26074, 26810, 26827, 27181, 27070, 27070, 27181,
        26827, 26810, 26074, 25812, 23024],
       [27494, 27610, 26810, 25310, 25328, 25094, 25152, 25152, 25094,
        25328, 25310, 26810, 27610, 27494],
       [32163, 30144, 26827, 25328, 23176, 22659, 22501, 22501, 22659,
        23176, 25328, 26827, 30144, 32163],
       [34760, 30457, 27181, 25094, 22659, 21612, 21035, 21035, 21612,
        22659, 25094, 27181, 30457, 34760],
       [36977, 31187, 27070, 25152, 22501, 21035, 18876, 18876, 21035,
        22501, 25152, 27070, 31187, 36977],
       [36977, 31187, 27070, 25152, 22501, 21035, 18876, 18876, 21035,
        22501, 25152, 27070, 31187, 36977],
       [34760, 30457, 27181, 25094, 22659, 21612, 21035, 21035, 21612,
        22659, 25094, 27181, 30457, 34760],
       [32163, 30144, 26827, 25328, 23176, 22659, 22501, 22501, 22659,
        23176, 25328, 26827, 30144, 32163],
       [27494, 27610, 26810, 25310, 25328, 25094, 25152, 25152, 25094,
        25328, 25310, 26810, 27610, 27494],
       [23024, 25812, 26074, 26810, 26827, 27181, 27070, 27070, 27181,
        26827, 26810, 26074, 25812, 23024],
       [16488, 21100, 25812, 27610, 30144, 30457, 31187, 31187, 30457,
        30144, 27610, 25812, 21100, 16488],
       [11892, 16488, 23024, 27494, 32163, 34760, 36977, 36977, 34760,
        32163, 27494, 23024, 16488, 11892]],
        [[ 69516,  98156, 122763, 157034, 175296, 201164, 206294, 218738,
        206294, 201164, 175296, 157034, 122763,  98156,  69516],
       [ 98156, 114216, 145221, 156914, 173634, 173914, 185820, 183434,
        185820, 173914, 173634, 156914, 145221, 114216,  98156],
       [122763, 145221, 151724, 159121, 157543, 160911, 161207, 162204,
        161207, 160911, 157543, 159121, 151724, 145221, 122763],
       [157034, 156914, 159121, 144108, 151922, 148534, 149873, 144172,
        149873, 148534, 151922, 144108, 159121, 156914, 157034],
       [175296, 173634, 157543, 151922, 139714, 137551, 136233, 135398,
        136233, 137551, 139714, 151922, 157543, 173634, 175296],
       [201164, 173914, 160911, 148534, 137551, 129558, 125146, 125628,
        125146, 129558, 137551, 148534, 160911, 173914, 201164],
       [206294, 185820, 161207, 149873, 136233, 125146, 117554, 114930,
        117554, 125146, 136233, 149873, 161207, 185820, 206294],
       [218738, 183434, 162204, 144172, 135398, 125628, 114930, 110176,
        114930, 125628, 135398, 144172, 162204, 183434, 218738],
       [206294, 185820, 161207, 149873, 136233, 125146, 117554, 114930,
        117554, 125146, 136233, 149873, 161207, 185820, 206294],
       [201164, 173914, 160911, 148534, 137551, 129558, 125146, 125628,
        125146, 129558, 137551, 148534, 160911, 173914, 201164],
       [175296, 173634, 157543, 151922, 139714, 137551, 136233, 135398,
        136233, 137551, 139714, 151922, 157543, 173634, 175296],
       [157034, 156914, 159121, 144108, 151922, 148534, 149873, 144172,
        149873, 148534, 151922, 144108, 159121, 156914, 157034],
       [122763, 145221, 151724, 159121, 157543, 160911, 161207, 162204,
        161207, 160911, 157543, 159121, 151724, 145221, 122763],
       [ 98156, 114216, 145221, 156914, 173634, 173914, 185820, 183434,
        185820, 173914, 173634, 156914, 145221, 114216,  98156],
       [ 69516,  98156, 122763, 157034, 175296, 201164, 206294, 218738,
        206294, 201164, 175296, 157034, 122763,  98156,  69516]],
        [[ 436228,  569531,  736363,  892999, 1050762, 1160280, 1249262,
        1290831, 1290831, 1249262, 1160280, 1050762,  892999,  736363,
         569531,  436228],
       [ 569531,  689424,  840988,  936350, 1024427, 1067706, 1124707,
        1133123, 1133123, 1124707, 1067706, 1024427,  936350,  840988,
         689424,  569531],
       [ 736363,  840988,  904206,  947433,  974356,  982198,  997063,
        1003649, 1003649,  997063,  982198,  974356,  947433,  904206,
         840988,  736363],
       [ 892999,  936350,  947433,  906130,  925816,  935033,  919284,
         923211,  923211,  919284,  935033,  925816,  906130,  947433,
         936350,  892999],
       [1050762, 1024427,  974356,  925816,  866186,  852973,  847032,
         844704,  844704,  847032,  852973,  866186,  925816,  974356,
        1024427, 1050762],
       [1160280, 1067706,  982198,  935033,  852973,  803422,  796542,
         788102,  788102,  796542,  803422,  852973,  935033,  982198,
        1067706, 1160280],
       [1249262, 1124707,  997063,  919284,  847032,  796542,  732752,
         719614,  719614,  732752,  796542,  847032,  919284,  997063,
        1124707, 1249262],
       [1290831, 1133123, 1003649,  923211,  844704,  788102,  719614,
         683022,  683022,  719614,  788102,  844704,  923211, 1003649,
        1133123, 1290831],
       [1290831, 1133123, 1003649,  923211,  844704,  788102,  719614,
         683022,  683022,  719614,  788102,  844704,  923211, 1003649,
        1133123, 1290831],
       [1249262, 1124707,  997063,  919284,  847032,  796542,  732752,
         719614,  719614,  732752,  796542,  847032,  919284,  997063,
        1124707, 1249262],
       [1160280, 1067706,  982198,  935033,  852973,  803422,  796542,
         788102,  788102,  796542,  803422,  852973,  935033,  982198,
        1067706, 1160280],
       [1050762, 1024427,  974356,  925816,  866186,  852973,  847032,
         844704,  844704,  847032,  852973,  866186,  925816,  974356,
        1024427, 1050762],
       [ 892999,  936350,  947433,  906130,  925816,  935033,  919284,
         923211,  923211,  919284,  935033,  925816,  906130,  947433,
         936350,  892999],
       [ 736363,  840988,  904206,  947433,  974356,  982198,  997063,
        1003649, 1003649,  997063,  982198,  974356,  947433,  904206,
         840988,  736363],
       [ 569531,  689424,  840988,  936350, 1024427, 1067706, 1124707,
        1133123, 1133123, 1124707, 1067706, 1024427,  936350,  840988,
         689424,  569531],
       [ 436228,  569531,  736363,  892999, 1050762, 1160280, 1249262,
        1290831, 1290831, 1249262, 1160280, 1050762,  892999,  736363,
         569531,  436228]]]